   1.0000000000000000     
   6.9109999999999170     
   6.9108122234436244     
   6.9106263937315138     
   6.9104425108327643     
   6.9102605747165571     
   6.9100805853520733     
   6.9099025427084930     
   6.9097264467549966     
   6.9095522974607677     
   6.9093800947949848     
   6.9092098387268299     
   6.9090415292254832     
   6.9088751662601275     
   6.9087107497999423     
   6.9085482798141076     
   6.9083877562718037     
   6.9082291791422108     
   6.9080725483945109     
   6.9079178639978842     
   6.9077651259215109     
   6.9076143341345722     
   6.9074654886062481     
   6.9073185893057190     
   6.9071736362021650     
   6.9070306292647663     
   6.9068895684627041     
   6.9067504537651594     
   6.9066132851413098     
   6.9064780625603372     
   6.9064245184113240     
   6.9063712856222690     
   6.9063183641911996     
   6.9062920202341687     
   6.9062657541158954     
   6.9062395658361320     
   6.4707412147372327     
   6.2097371197225320     
   6.1227832635518782     
   6.0979460133461565     
   6.0731154494758055     
   6.0483007522015484     
   5.9739515404480592     
   5.8503492592038384     
   5.6042987434027332     
   5.3597336863928859     
   5.1166008000187810     
   4.8748467753158522     
   4.1575378786223753     
   3.6851588668887940     
   3.2170138166480875     
   2.7526748264357659     
   2.2917138608559875     
   1.8337030778651195     
   1.3782153156065240     
  0.79193442327338803     
  0.20825817979338654     
  -3.5314683853461162E-002
 -0.17596486161347036     
 -0.31415697248343544     
 -0.45133258795239622     
 -0.58783694314663471     
 -0.72381375283915028     
 -0.86519522512420399     
  -1.0035909475547895     
  -1.1392337574240294     
  -1.2726176736209198     
  -1.4040832557000862     
  -1.5338759288259110     
  -1.6621787776574504     
  -1.7891322081506522     
  -1.9148463520895351     
  -2.0394092246672688     
  -2.1628922775719825     
  -2.2853542911403428     
  -2.4068441715734239     
  -2.5274030054449641     
  -2.6470655977675497     
  -2.7658616430431522     
  -2.8838166304132606     
  -3.0009525528277425     
  -3.1172884695234173     
  -3.2328409571700378     
  -3.3476244754479803     
  -3.4616516661010230     
  -3.5749335997239124     
  -3.6874799810901369     
  -3.7992993212975281     
  -3.9103990831369040     
  -4.0207858046861826     
  -4.1304652050705046     
  -4.2394422755171526     
  -4.3332121401833392     
  -4.4264661191676637     
  -4.5192135218415554     
  -4.7488123633153725     
  -4.9752585859206810     
  -5.1985518519305787     
  -5.4186882992903440     
  -5.6356612838711300     
  -5.8494619973734139     
  -6.0600799888028654     
  -6.2675036093589345     
  -6.4717203950875160     
  -6.6727173978859007     
  -6.8704814728460608     
  -7.0649995281078528     
  -7.2562587421164997     
  -7.4442467522691267     
  -7.6289518182774323     
  -7.8103629630879094     
  -7.9884700938330102     
  -8.1632641049983121     
  -8.3347369657568002     
  -8.5028817932241729     
  -8.8291360955882254     
  -9.1420304441989124     
  -9.4415553182350269     
  -9.7277231895532914     
  -10.000568784063169     
  -10.260149059684171     
  -10.506542966099934     
  -10.739851034352867     
  -10.960194830886056     
  -11.167716300569152     
  -11.362577016062549     
  -11.544957346050939     
  -11.715055551888323     
  -11.873086820559983     
  -12.019282241166305     
  -12.153887732027414     
  -12.277162925730856     
  -12.389380019800928     
  -12.490822601021012     
  -12.581784451702958     
  -12.662568346320512     
  -12.733484846887578     
  -12.794851105265789     
  -12.846989680243132     
  -12.890227376756542     
  -12.924894114061340     
  -12.951321829004574     
  -12.969843419862080     
  -12.984167336769609     
  -12.953821115424702     
  -12.830223696143573     
  -12.688090491362523     
  -12.373895630229921     
  -11.994323030213589     
  -11.574998897582036     
  -11.053646909268348     
  -10.530777379702220     
  -10.020430256908940     
  -9.5323208569245690     
  -9.0727566914434448     
  -8.6454028794775635     
  -8.2519217528143596     
  -7.8924944034957143     
  -7.5662399887872107     
  -7.2715497544536669     
  -7.0063508170224642     
  -6.5574556668125235     
  -6.1973433475026392     
  -5.9076844901334082     
  -5.6730693651220774     
  -5.4813052752317928     
  -5.3231090655383344     
  -5.1915398667609143     
  -5.0813873361548296     
  -4.9132772891558192     
  -4.7509293065039238     
  -4.7133237053130044     
  -4.7100448589883328     
  -4.7100006523908231     
  -4.7099999786126796     
  -4.7099999978197653     
  -4.7099999997841824     
